function h11= h1(T)
h11= 10000 + 30* (T-460);