function h22= h2(T)
h22= 8000  + 20* (T-460) ;