function h33= h3(T)
h33= 500   +     (T-460) ;