function H11= HH1(T)
H11= 17000 + 30* (T-460)  ;