function H22= HH2(T)
H22= 13000 + 20* (T-460)  ;