function H33= HH3(T)
H33= 800   +     (T-460) ;